place(15.762, 1.000, -10.141, "Cowboy", 600)
upgrade(15.762, 2.350, -10.141, 150)
upgrade(15.762, 2.350, -10.141, 600)
place(15.711, 1.000, -7.057, "Cowboy", 600)
place(15.711, 1.000, -7.057, "Cowboy", 600)
upgrade(15.711, 2.350, -7.057, 150)
upgrade(15.711, 2.350, -7.057, 600)
place(15.535, 1.000, -3.980, "Cowboy", 600)
upgrade(15.535, 2.350, -3.980, 150)
upgrade(15.535, 2.350, -3.980, 600)
place(12.711, 1.000, -10.226, "Cowboy", 600)
upgrade(12.711, 2.350, -10.226, 150)
upgrade(12.711, 2.350, -10.226, 600)
place(12.635, 1.000, -7.159, "Cowboy", 600)
upgrade(12.635, 2.350, -7.159, 150)
upgrade(12.635, 2.350, -7.159, 600)
place(12.418, 1.000, -4.067, "Cowboy", 600)
upgrade(12.418, 2.350, -4.067, 150)
upgrade(12.418, 2.350, -4.067, 600)
place(9.773, 1.000, -11.150, "Cowboy", 600)
upgrade(9.773, 2.350, -11.150, 150)
upgrade(9.773, 2.350, -11.150, 600)
place(9.578, 1.000, -8.003, "Cowboy", 600)
upgrade(9.578, 2.350, -8.003, 150)
upgrade(9.578, 2.350, -8.003, 600)
place(9.516, 1.000, -4.998, "Cowboy", 600)
upgrade(9.516, 2.350, -4.998, 150)
upgrade(9.516, 2.350, -4.998, 600)
place(10.155, 1.000, -2.007, "Cowboy", 600)
upgrade(10.155, 2.350, -2.007, 150)
upgrade(10.155, 2.350, -2.007, 600)
place(13.070, 1.000, -1.107, "Commander", 850)
upgrade(13.070, 2.900, -1.107, 300)
upgrade(12.418, 2.350, -4.067, 1750)
upgrade(12.635, 2.350, -7.159, 1750)
upgrade(15.535, 2.350, -3.980, 1750)
upgrade(15.711, 2.350, -7.057, 1750)
upgrade(10.155, 2.350, -2.007, 1750)
upgrade(9.516, 2.350, -4.998, 1750)
upgrade(9.578, 2.350, -8.003, 1750)
upgrade(15.762, 2.350, -10.141, 1750)
upgrade(12.711, 2.350, -10.226, 1750)
upgrade(9.773, 2.350, -11.150, 1750)
upgrade(13.070, 2.900, -1.107, 2500)
upgrade(12.418, 2.350, -4.067, 4750)
CommanderAbility(13.070, 2.900, -1.107, 2301)
upgrade(15.535, 2.350, -3.980, 4750)
upgrade(15.711, 2.350, -7.057, 4750)
CommanderAbility(13.070, 2.900, -1.107, 2083)
upgrade(12.635, 2.350, -7.159, 4750)
upgrade(10.155, 2.350, -2.007, 4750)
CommanderAbility(13.070, 2.900, -1.107, 9217)
upgrade(9.516, 2.350, -4.998, 4750)
upgrade(9.578, 2.350, -8.003, 4750)
upgrade(12.711, 2.350, -10.226, 4750)
upgrade(9.773, 2.350, -11.150, 4750)
CommanderAbility(13.070, 2.900, -1.107, 9901)
place(10.716, 1.000, 1.020, "Commander", 850)
upgrade(10.716, 2.900, 1.020, 300)
upgrade(10.716, 2.900, 1.020, 2500)
CommanderAbility(13.070, 2.900, -1.107, 21264)
place(2.609, 4.686, 7.936, "Ranger", 4500)
place(-0.413, 4.686, 8.572, "Ranger", 4500)
place(0.572, 4.686, 5.680, "Ranger", 4500)
upgrade(10.155, 2.350, -2.007, 9500)
upgrade(12.418, 2.350, -4.067, 9500)
CommanderAbility(13.070, 2.900, -1.107, 4722)
upgrade(15.535, 2.350, -3.980, 9500)
upgrade(-0.413, 6.036, 8.572, 1500)
upgrade(2.609, 6.036, 7.936, 1500)
upgrade(0.572, 6.036, 5.680, 1500)
upgrade(-0.413, 6.036, 8.572, 4500)
upgrade(2.609, 6.036, 7.936, 4500)
CommanderAbility(10.716, 2.900, 1.020, 2390)
upgrade(0.572, 6.036, 5.680, 4500)
CommanderAbility(13.070, 2.900, -1.107, 3470)
upgrade(9.516, 2.350, -4.998, 9500)
CommanderAbility(13.070, 2.900, -1.107, 6990)
upgrade(9.578, 2.350, -8.003, 9500)
upgrade(13.070, 2.900, -1.107, 5500)
CommanderAbility(10.716, 2.900, 1.020, 7233)
upgrade(12.635, 2.350, -7.159, 9500)
upgrade(15.711, 2.350, -7.057, 9500)
CommanderAbility(13.070, 2.900, -1.107, 7000)
upgrade(9.773, 2.350, -11.150, 9500)
upgrade(15.762, 2.350, -10.141, 4750)
upgrade(12.711, 2.350, -10.226, 9500)
CommanderAbility(10.716, 2.900, 1.020, 2757)
upgrade(15.762, 2.350, -10.141, 9500)
upgrade(10.716, 2.900, 1.020, 5500)
CommanderAbility(13.070, 2.900, -1.107, 1111)
place(3.751, 1.000, -6.529, "Mercenary Base", 2000)
upgrade(3.751, 0.975, -6.529, 1000)
upgrade(3.751, 0.975, -6.529, 2000)
upgrade(3.751, 0.975, -6.529, 7000)
CommanderAbility(10.716, 2.900, 1.020, 5436)
upgrade(3.751, 0.975, -6.529, 10000)
SetMercenaryUnit(3.751, 0.975, -6.529, "Unit 3", "Riot Guard", 4110)
SetMercenaryUnit(3.751, 0.975, -6.529, "Unit 2", "Riot Guard", 4610)
SetMercenaryUnit(3.751, 0.975, -6.529, "Unit 1", "Riot Guard", 4826)
SetMercenaryUnit(3.751, 0.975, -6.529, "Unit 1", "Rifleman", 7961)
SetMercenaryUnit(3.751, 0.975, -6.529, "Unit 2", "Rifleman", 7961)
SetMercenaryUnit(3.751, 0.975, -6.529, "Unit 3", "Rifleman", 9480)
CommanderAbility(13.070, 2.900, -1.107, 20912)
upgrade(2.609, 6.036, 7.936, 13500)
upgrade(0.572, 6.036, 5.680, 13500)
CommanderAbility(10.716, 2.900, 1.020, 8662)
upgrade(-0.413, 6.036, 8.572, 13500)
place(3.823, 1.000, -2.333, "Commander", 850)
upgrade(3.823, 2.900, -2.333, 300)
upgrade(3.823, 2.900, -2.333, 2500)
place(1.701, 3.664, 4.054, "Ranger", 4500)
place(1.144, 3.664, 3.395, "Ranger", 4500)
place(0.970, 3.664, 3.264, "Ranger", 4500)
place(0.696, 3.664, 2.865, "Ranger", 4500)
place(-0.430, 3.664, 2.875, "Ranger", 4500)
upgrade(-0.430, 5.014, 2.875, 1500)
upgrade(-0.430, 5.014, 2.875, 4500)
upgrade(-0.430, 5.014, 2.875, 13500)
place(14.093, 3.196, -13.077, "Ranger", 4500)
place(11.012, 3.196, -12.759, "Ranger", 4500)
place(11.096, 3.196, -13.471, "Ranger", 4500)
place(12.934, 4.808, -15.623, "Ranger", 4500)
upgrade(14.093, 4.546, -13.077, 1500)
upgrade(12.934, 6.158, -15.623, 1500)
upgrade(11.096, 4.546, -13.471, 1500)
upgrade(14.093, 4.546, -13.077, 4500)
upgrade(12.934, 6.158, -15.623, 4500)
upgrade(11.096, 4.546, -13.471, 4500)
CommanderAbility(3.823, 2.900, -2.333, 6238)
place(-2.402, 1.000, -10.084, "Mercenary Base", 2000)
place(-2.457, 1.000, -5.423, "Mercenary Base", 2000)
upgrade(-2.457, 0.975, -5.423, 1000)
upgrade(-2.457, 0.975, -5.423, 2000)
upgrade(-2.457, 0.975, -5.423, 7000)
upgrade(-2.402, 0.975, -10.084, 1000)
upgrade(-2.402, 0.975, -10.084, 2000)
upgrade(-2.402, 0.975, -10.084, 7000)
upgrade(-2.402, 0.975, -10.084, 10000)
CommanderAbility(13.070, 2.900, -1.107, 11378)
upgrade(-2.402, 0.975, -10.084, 15000)
upgrade(14.093, 4.546, -13.077, 13500)
upgrade(11.096, 4.546, -13.471, 13500)
upgrade(12.934, 6.158, -15.623, 13500)
CommanderAbility(3.823, 2.900, -2.333, 12972)
place(3.794, 1.000, -10.387, "Commander", 850)
upgrade(3.794, 2.900, -10.387, 300)
upgrade(3.794, 2.900, -10.387, 2500)
upgrade(2.609, 6.036, 7.936, 30000)
CommanderAbility(3.794, 2.900, -10.387, 5215)
upgrade(13.070, 2.900, -1.107, 15000)
CommanderAbility(10.716, 2.900, 1.020, 12795)
upgrade(0.572, 6.036, 5.680, 30000)
upgrade(-0.413, 6.036, 8.572, 30000)
CommanderAbility(10.716, 2.900, 1.020, 606)
upgrade(-2.457, 0.975, -5.423, 10000)
upgrade(-0.430, 5.014, 2.875, 30000)
CommanderAbility(3.823, 2.900, -2.333, 8317)
upgrade(14.093, 4.546, -13.077, 30000)
CommanderAbility(10.716, 2.900, 1.020, 10867)
CommanderAbility(3.823, 2.900, -2.333, 86971)
upgrade(11.096, 4.546, -13.471, 30000)
upgrade(12.934, 6.158, -15.623, 30000)
upgrade(10.716, 2.900, 1.020, 15000)
upgrade(3.823, 2.900, -2.333, 5500)
upgrade(3.794, 2.900, -10.387, 5500)
upgrade(-2.457, 0.975, -5.423, 15000)
upgrade(-2.402, 0.975, -10.084, 35000)
upgrade(3.751, 0.975, -6.529, 15000)
SetMercenaryUnit(3.751, 0.975, -6.529, "Unit 3", "Field Medic", 1509)
SetMercenaryUnit(3.751, 0.975, -6.529, "Unit 3", "Rifleman", 16727)
CommanderAbility(13.070, 2.900, -1.107, 19531)
place(3.536, 1.000, 0.660, "Engineer", 600)
place(0.665, 1.000, -2.317, "Engineer", 600)
place(0.439, 1.000, 0.711, "Engineer", 600)
place(3.434, 1.000, 3.710, "Engineer", 600)
place(9.081, 1.000, 3.556, "Engineer", 600)
place(9.065, 1.000, 6.590, "Engineer", 600)
place(12.291, 1.000, 3.739, "Engineer", 600)
upgrade(9.081, 2.350, 3.556, 350)
upgrade(9.081, 2.350, 3.556, 550)
upgrade(9.081, 2.350, 3.556, 2250)
upgrade(9.081, 2.350, 3.556, 4750)
upgrade(9.081, 2.350, 3.556, 13500)
upgrade(9.081, 2.350, 3.556, 35000)
upgrade(9.065, 2.350, 6.590, 350)
upgrade(9.065, 2.350, 6.590, 550)
upgrade(9.065, 2.350, 6.590, 2250)
upgrade(9.065, 2.350, 6.590, 4750)
upgrade(9.065, 2.350, 6.590, 13500)
CommanderAbility(3.794, 2.900, -10.387, 14928)
upgrade(9.065, 2.350, 6.590, 35000)
upgrade(3.536, 2.350, 0.660, 350)
upgrade(3.536, 2.350, 0.660, 550)
upgrade(3.536, 2.350, 0.660, 2250)
upgrade(3.536, 2.350, 0.660, 4750)
upgrade(3.536, 2.350, 0.660, 13500)
upgrade(3.536, 2.350, 0.660, 35000)
CommanderAbility(13.070, 2.900, -1.107, 36901)
upgrade(3.536, 2.350, 0.660, 50601)
upgrade(3.434, 2.350, 3.710, 350)
upgrade(3.434, 2.350, 3.710, 550)
upgrade(3.434, 2.350, 3.710, 2250)
upgrade(3.434, 2.350, 3.710, 4750)
upgrade(3.434, 2.350, 3.710, 13500)
upgrade(3.434, 2.350, 3.710, 35000)
upgrade(3.434, 2.350, 3.710, 37696)
upgrade(0.665, 2.350, -2.317, 350)
upgrade(0.665, 2.350, -2.317, 550)
upgrade(0.665, 2.350, -2.317, 2250)
upgrade(0.665, 2.350, -2.317, 4750)
upgrade(0.665, 2.350, -2.317, 13500)
upgrade(0.665, 2.350, -2.317, 35000)
upgrade(0.665, 2.350, -2.317, 19794)
CommanderAbility(13.070, 2.900, -1.107, 55691)
upgrade(0.665, 2.350, -2.317, 112194)
upgrade(0.439, 2.350, 0.711, 350)
upgrade(0.439, 2.350, 0.711, 550)
upgrade(0.439, 2.350, 0.711, 2250)
upgrade(0.439, 2.350, 0.711, 4750)
upgrade(0.439, 2.350, 0.711, 13500)
upgrade(0.439, 2.350, 0.711, 35000)
upgrade(0.439, 2.350, 0.711, 52240)
upgrade(0.439, 2.350, 0.711, 52443)
upgrade(0.439, 2.350, 0.711, 52444)
upgrade(3.751, 0.975, -6.529, 35000)
upgrade(3.751, 0.975, -6.529, 70177)
upgrade(-2.402, 0.975, -10.084, 70174)
upgrade(-2.457, 0.975, -5.423, 35000)
CommanderAbility(10.716, 2.900, 1.020, 43093)
CommanderAbility(10.716, 2.900, 1.020, 58868)
CommanderAbility(10.716, 2.900, 1.020, 58868)
CommanderAbility(10.716, 2.900, 1.020, 58868)
CommanderAbility(10.716, 2.900, 1.020, 58868)
CommanderAbility(10.716, 2.900, 1.020, 58868)
CommanderAbility(10.716, 2.900, 1.020, 58868)
CommanderAbility(10.716, 2.900, 1.020, 58868)
CommanderAbility(13.070, 2.900, -1.107, 59093)
CommanderAbility(13.070, 2.900, -1.107, 83793)
CommanderAbility(13.070, 2.900, -1.107, 90354)
upgrade(3.794, 2.900, -10.387, 15000)
upgrade(3.823, 2.900, -2.333, 15000)
CommanderAbility(3.823, 2.900, -2.333, 372959)
CommanderAbility(3.823, 2.900, -2.333, 377185)
CommanderAbility(3.823, 2.900, -2.333, 377185)
CommanderAbility(3.823, 2.900, -2.333, 377185)
CommanderAbility(10.716, 2.900, 1.020, 377185)
CommanderAbility(10.716, 2.900, 1.020, 377185)
CommanderAbility(10.716, 2.900, 1.020, 377185)
CommanderAbility(10.716, 2.900, 1.020, 377185)
CommanderAbility(10.716, 2.900, 1.020, 389185)
CommanderAbility(10.716, 2.900, 1.020, 389185)
CommanderAbility(10.716, 2.900, 1.020, 389185)
CommanderAbility(10.716, 2.900, 1.020, 389185)
CommanderAbility(10.716, 2.900, 1.020, 389185)
CommanderAbility(10.716, 2.900, 1.020, 389185)
CommanderAbility(10.716, 2.900, 1.020, 389185)
CommanderAbility(10.716, 2.900, 1.020, 389185)
CommanderAbility(10.716, 2.900, 1.020, 413660)
CommanderAbility(10.716, 2.900, 1.020, 565185)
CommanderAbility(10.716, 2.900, 1.020, 565185)
CommanderAbility(10.716, 2.900, 1.020, 565185)
CommanderAbility(10.716, 2.900, 1.020, 565185)
CommanderAbility(13.070, 2.900, -1.107, 565185)
CommanderAbility(13.070, 2.900, -1.107, 565185)
CommanderAbility(3.823, 2.900, -2.333, 565185)
CommanderAbility(3.823, 2.900, -2.333, 565185)
CommanderAbility(3.823, 2.900, -2.333, 565185)
CommanderAbility(3.794, 2.900, -10.387, 565185)
CommanderAbility(3.794, 2.900, -10.387, 565185)
CommanderAbility(3.794, 2.900, -10.387, 565185)
CommanderAbility(3.794, 2.900, -10.387, 586760)
